0.000000 0.000000 
0.0000003972066906 0.0000086206728156 
0.0000011590838085 0.0000258620730165 
0.0000018905881234 0.0000431034441135 
0.0000025927747629 0.0000603448443144 
0.0000032657885640 0.0000775862154114 
0.0000039098622437 0.0000948275865085 
0.0000045252136260 0.0001120689576055 
0.0000051120605349 0.0001293103578064 
0.0000056706121541 0.0001465517289034 
0.0000062010772126 0.0001637931000005 
0.0000067036580731 0.0001810345002013 
0.0000071785480031 0.0001982758712984 
0.0000076259361776 0.0002155172423954 
0.0000080460049503 0.0002327586425963 
0.0000084389284893 0.0002500000136934 
0.0000088048709586 0.0002672413993423 
0.0000091439906100 0.0002844827704394 
0.0000094564329629 0.0003017241560883 
0.0000097423380794 0.0003189655271854 
0.0000100018332887 0.0003362069128343 
0.0000102350368252 0.0003534482984833 
0.0000104420541902 0.0003706896695803 
0.0000106229817902 0.0003879310552293 
0.0000107779032987 0.0004051724336023 
0.0000109068932943 0.0004224138119753 
0.0000110100118036 0.0004396551939863 
0.0000110873070298 0.0004568965759972 
0.0000111388162622 0.0004741379543702 
0.0000111645658762 0.0004913793354717 
0.0000111645658762 0.0005086207156637 
0.0000111388162622 0.0005258620967652 
0.0000110873061203 0.0005431034751382 
0.0000110100108941 0.0005603448571492 
0.0000109068932943 0.0005775862391602 
0.0000107779032987 0.0005948276175332 
0.0000106229817902 0.0006120689959062 
0.0000104420541902 0.0006293103815551 
0.0000102350368252 0.0006465517526522 
0.0000100018332887 0.0006637931383011 
0.0000097423380794 0.0006810345239501 
0.0000094564329629 0.0006982758950471 
0.0000091439906100 0.0007155172806961 
0.0000088048709586 0.0007327586517931 
0.0000084389284893 0.0007500000374421 
0.0000080460067693 0.0007672414085391 
0.0000076259357229 0.0007844828087400 
0.0000071785480031 0.0008017241798370 
0.0000067036585278 0.0008189655509341 
0.0000062010776674 0.0008362069511350 
0.0000056706126088 0.0008534483222320 
0.0000051120605349 0.0008706896933290 
0.0000045252136260 0.0008879310935299 
0.0000039098622437 0.0009051724646270 
0.0000032657885640 0.0009224138357240 
0.0000025927747629 0.0009396552068210 
0.0000018905880097 0.0009568966070219 
0.0000011590839222 0.0009741379781190 
0.0000003972067475 0.0009913793783198 
0.000000 0.001000 
