0.000000 0.000000 
0.0000001482876399 0.0000086206728156 
0.0000004130991158 0.0000258620730165 
0.0000006501401799 0.0000431034441135 
0.0000008621241250 0.0000603448443144 
0.0000010508649666 0.0000775862154114 
0.0000012182156297 0.0000948275865085 
0.0000013659664546 0.0001120689576055 
0.0000014958459360 0.0001293103578064 
0.0000016095073079 0.0001465517289034 
0.0000017085260424 0.0001637931000005 
0.0000017943901867 0.0001810345002013 
0.0000018684967245 0.0001982758712984 
0.0000019321491891 0.0002155172423954 
0.0000019865551621 0.0002327586425963 
0.0000020328247956 0.0002500000136934 
0.0000020719733129 0.0002672413993423 
0.0000021049204406 0.0002844827704394 
0.0000021324958652 0.0003017241560883 
0.0000021554396881 0.0003189655271854 
0.0000021744090191 0.0003362069128343 
0.0000021899804779 0.0003534482984833 
0.0000022026551960 0.0003706896695803 
0.0000022128651835 0.0003879310552293 
0.0000022209746930 0.0004051724336023 
0.0000022272893148 0.0004224138119753 
0.0000022320546123 0.0004396551939863 
0.0000022354638531 0.0004568965759972 
0.0000022376593733 0.0004741379543702 
0.0000022387337140 0.0004913793354717 
0.0000022387334866 0.0005086207156637 
0.0000022376593733 0.0005258620967652 
0.0000022354638531 0.0005431034751382 
0.0000022320546123 0.0005603448571492 
0.0000022272893148 0.0005775862391602 
0.0000022209749204 0.0005948276175332 
0.0000022128649562 0.0006120689959062 
0.0000022026551960 0.0006293103815551 
0.0000021899804779 0.0006465517526522 
0.0000021744092464 0.0006637931383011 
0.0000021554401428 0.0006810345239501 
0.0000021324958652 0.0006982758950471 
0.0000021049204406 0.0007155172806961 
0.0000020719730855 0.0007327586517931 
0.0000020328247956 0.0007500000374421 
0.0000019865551621 0.0007672414085391 
0.0000019321491891 0.0007844828087400 
0.0000018684967245 0.0008017241798370 
0.0000017943901867 0.0008189655509341 
0.0000017085260424 0.0008362069511350 
0.0000016095074216 0.0008534483222320 
0.0000014958459360 0.0008706896933290 
0.0000013659664546 0.0008879310935299 
0.0000012182154023 0.0009051724646270 
0.0000010508649666 0.0009224138357240 
0.0000008621241250 0.0009396552068210 
0.0000006501401799 0.0009568966070219 
0.0000004130990874 0.0009741379781190 
0.0000001482876115 0.0009913793783198 
0.000000 0.001000 
